000121 -6.28 53.57
000746 0.0 86.89
000778 -18.89 171.21
000991 -25 185.44
001182 -10.11 83.32
001186 -25.90 140.83
001469 -4.18  42.13
001577 -20.60 145.58
001623 -23.87 181
001632 -24 180
001643 -23 228
001645 -27.90 149.14
001736 -21.18 127.62
001938 -17 165
002079 -6.16  363.0
004997 -26.05 263.54
005962 -8.88 228
005968 -15.31 314.16
110011 -22 196.58
160133 -17.86 136.45
160225 -40 72
160632 -30.17 248.92
161121 -16.58 38
161725 -30.41 241.97
161726 -26.43 159.79
164906 -34 65.4
206009 -20.38 116.49
270002 -11.43 64.06
450009 -17.22 126.77
501057 -27 149
519674 -21 186
519732 -14.63 120.19
0      0   100




